3 4
6
82.407
110.0
146.832
195.998
246.942
329.628
 0 -1 -1  7 -1 -1 
-1 -1  5 -1 -1 -1 
 0 -1 -1  7 -1 -1 
-1 -1 -1 -1  5 -1 
-1 -1 -1  7 -1 -1 
-1 -1  5 -1 -1 -1 
 0 -1 -1  5 -1 -1 
-1 -1  5 -1 -1 -1 
 0 -1 -1  5 -1 -1 
-1 -1 -1  7 -1 -1 
-1 -1 -1  5 -1 -1 
-1 -1  5 -1 -1 -1 
 0 -1 -1  4 -1 -1 
-1 -1  2 -1 -1 -1 
-1 -1 -1  4 -1 -1 
-1 -1 -1 -1  3 -1 
-1 -1 -1  4 -1 -1 
-1 -1  2 -1 -1 -1 
 0 -1 -1  2 -1 -1 
-1 -1  2 -1 -1 -1 
 0 -1 -1  2 -1 -1 
-1 -1 -1  4 -1 -1 
-1 -1 -1  2 -1 -1 
-1 -1  2 -1 -1 -1 
 0 -1 -1  7 -1 -1 
-1 -1  5 -1 -1 -1 
 0 -1 -1  5 -1 -1 
-1 -1 -1 -1  5 -1 
-1 -1 -1  6 -1 -1 
-1 -1  5 -1 -1 -1 
 0 -1 -1  5 -1 -1 
-1 -1  5 -1 -1 -1 
 0 -1 -1  5 -1 -1 
-1 -1 -1  7 -1 -1 
-1 -1 -1  5 -1 -1 
-1 -1  5 -1 -1 -1 
 0 -1 -1  4 -1 -1 
-1 -1  2 -1 -1 -1 
-1 -1 -1  4 -1 -1 
-1 -1 -1 -1  3 -1 
-1 -1 -1  4 -1 -1 
-1 -1  2 -1 -1 -1 
 0 -1 -1  2 -1 -1 
-1 -1  2 -1 -1 -1 
 0 -1 -1  2 -1 -1 
-1 -1 -1  4 -1 -1 
-1 -1 -1  2 -1 -1 
-1 -1  2 -1 -1 -1 
